x <- c(2,4,6)
y <- 1:6
z <- x/y
